H/A,対戦相手,試合結果,得点,失点,得点計,失点計,得失点差,勝ち点,順位
H,神戸,●,0,1,0,1,-1,0,17
A,横浜FC,△,2,2,2,3,-1,1,16
H,北九州,●,1,2,3,5,-2,1,20
H,福岡,○,2,1,5,6,-1,4,16
A,岐阜,○,1,0,6,6,0,7,10
A,京都,○,2,1,8,7,1,10,5
H,長崎,●,1,2,9,9,0,10,11
A,札幌,●,1,2,10,11,-1,10,14
H,栃木,●,0,1,10,12,-2,10,16
H,愛媛,○,3,2,13,14,-1,13,14
A,群馬,●,1,4,14,18,-4,13,16
A,鳥取,○,1,0,15,18,-3,16,11
H,熊本,●,0,3,15,21,-6,16,17
H,水戸,○,3,1,18,22,-4,19,13
A,岡山,●,0,2,18,24,-6,19,14
H,東京Ｖ,○,2,1,20,25,-5,22,13
A,富山,●,1,2,21,27,-6,22,14
A,山形,△,2,2,23,29,-6,23,14
H,松本,○,2,0,25,29,-4,26,13
H,千葉,●,1,2,26,31,-5,26,14
A,Ｇ大阪,●,0,2,26,33,-7,26,15
H,札幌,○,1,0,27,33,-6,29,13
A,北九州,○,2,0,29,33,-4,32,12
A,愛媛,○,2,0,31,33,-2,35,8
H,群馬,○,4,1,35,34,1,38,7
A,千葉,○,2,1,37,35,2,41,6
H,岐阜,○,3,1,40,36,4,44,6
A,松本,△,0,0,40,36,4,45,6
H,富山,○,2,0,42,36,6,48,4
A,熊本,○,1,0,43,36,7,51,4
H,京都,△,1,1,44,37,7,52,5
A,栃木,○,1,0,45,37,8,55,5
H,山形,△,2,2,47,39,8,56,3
A,神戸,●,2,3,49,42,7,56,4
H,鳥取,○,2,1,51,43,8,59,4
A,水戸,△,0,0,51,43,8,60,4
H,横浜FC,●,0,1,51,44,7,60,5
H,Ｇ大阪,●,1,5,52,49,3,60,6
A,福岡,●,0,1,52,50,2,60,6
H,岡山,○,2,0,54,50,4,63,6
A,東京Ｖ,△,1,1,55,51,4,64,6
A,長崎,○,1,0,56,51,5,67,4
